vgg11 2.998689602625497 2.8420496702835014 0.010201907684953307
vgg16 2.9736577382905516 2.8217133771326126 0.013225641961562748
vgg19 2.9186320242316453 2.7832979374153792 0.01795882869995708
lenet 3.4095712115197405 3.2749711291942667 0.0230426768110494
googlenet 2.9992260229022993 2.8721367545602523 0.018710020811232346
overfeat 3.0735902962730974 2.887544901517353 0.0018604603934735601
alexnet 3.0793387404570867 2.902206745088956 0.004325847326440582
trivial 1.4853122243776034 1.7097057766540917 0.23062750040425645
inception3 2.390848619681536 2.453145644251218 0.09928270523232549
inception4 2.852738164606912 2.8874002247920734 0.07494938147224241
resnet50 2.9020416166116725 2.8978503311260067 0.060939628726641194
resnet101 2.787189735986778 2.847918346134879 0.08469504847246123
resnet152 2.636111352607515 2.908775568363888 0.15061046147375054
mobilenet 2.85880629063199 2.9175735357891677 0.08148544620611109