vgg11	3.719064123303984 3.518748585357159 -0.010140085179841394
vgg16	3.236292188053998 3.0540945607041787 -0.003707711085684268
vgg19	2.7175543127157855 2.674013623330003 0.04067431312999906
lenet	0.46358979867703903 0.6274117614338083 0.2465126901037405
googlenet	2.8564871804376213 2.7256397056236064 0.0352364999233588
overfeat	3.642943196473347 3.4742465300865226 0.0007161927468029766
alexnet	3.013359962170061 3.005293979778932 -0.0006398752178013071
trivial	14.017210740653717 40.36508726587937 -0.16263810987248398
inception3	2.229462657520597 2.4090941051455292 -0.013384583783251967
inception4	1.8516305336268344 1.7655114009879376 0.03127941290462032
resnet50	2.3532078771682925 2.1668592419744215 0.010466387406585752
resnet101	3.4073433447013666 3.3498758339151222 0.008861122670795692
resnet152	3.4564082032037504 3.70027245143292 0.1395423709853458
mobilenet	7.327457487381507 6.004501697702395 -0.11846570431718192